
INSERT INTO spratr (id, atrId, descr, lvlId) VALUES 
(26,8,"Авдеевка",5),
(27,8,"Александрия",11), 
(28,8,"Александровск",12), 
(29,8,"Алмазная",12),
(30,8,"Алупка",1),
(31,8,"Алушта",1),
(32,8,"Алчевск",12),
(33,8,"Ананьев",15),
(34,8,"Андрушёвка",6), 
(35,8,"Антрацит",12),
(36,8,"Апостолово",4),
(37,8,"Армянск",1),
(38,8,"Артёмовск",5),
(39,8,"Артёмовск",12),
(40,8,"Арциз",15),
(41,8,"Ахтырка",18),
(42,8,"Балаклея",20),
(43,8,"Балта",15),
(44,8,"Бар",2),
(45,8,"Барановка",6),
(46,8,"Барвенково",20),
(47,8,"Бахмач",24),
(48,8,"Бахчисарай",1),
(49,8,"Баштанка",14),
(50,8,"Белая Церковь",10), 
(51,8,"Белгород-Днестровский",15),  
(52,8,"Белогорск",1),
(53,8,"Беляевка",15),
(54,8,"Белополье",18),
(55,8,"Белз",13),
(56,8,"Бердичев",6),
(57,8,"Бердянск",8),
(58,8,"Берегово",7),
(59,8,"Бережаны",19), 
(60,8,"Березань",10),
(61,8,"Березне",17),
(62,8,"Берестечко",3),
(63,8,"Берислав",21),
(64,8,"Бершадь",2), 
(65,8,"Бобринец",11),
(66,8,"Бобрка",13),
(67,8,"Бобровица",24),
(68,8,"Богодухов",20),
(69,8,"Богуслав",10),
(70,8,"Болград",15),
(71,8,"Болехов",9),
(72,8,"Борислав",13),
(73,8,"Борисполь",10),
(74,8,"Борзна",24),
(75,8,"Борщёв",19), 
(76,8,"Боярка",10),
(77,8,"Бровары",10),
(78,8,"Броды",13),
(79,8,"Брянка",12),
(80,8,"Бурынь",18),
(81,8,"Бурштын",9), 
(82,8,"Буск",13),
(83,8,"Буча",10),
(84,8,"Бучач",19),
(85,8,"Валки",20),
(86,8,"Васильевка",8),
(87,8,"Васильков",10),
(88,8,"Вашковцы",25), 
(89,8,"Ватутино",23),
(90,8,"Вахрушево",12), 
(91,8,"Великий Бурлук",20), 
(92,8,"Великие Мосты",13), 
(93,8,"Верхнеднепровск",4), 
(94,8,"Вольнянск",8),
(95,8,"Винница",2),
(96,8,"Виноградов",7),
(97,8,"Вишнёвое",10), 
(98,8,"Владимир-Волынский",3),  
(99,8,"Вознесенск",14),
(100,8,"Волноваха",5),
(101,8,"Волчанск",20),
(102,8,"Волочиск",22),
(103,8,"Вольногорск",4),
(104,8,"Вижница",25), 
(105,8,"Вышгород",10), 
(106,8,"Гадяч",16),
(107,8,"Гайсин",2),
(108,8,"Гайворон",11),
(109,8,"Галич",9),
(110,8,"Геническ",21),
(111,8,"Герца",25),
(112,8,"Глобино",16),
(113,8,"Глухов",18),
(114,8,"Глиняны",13),
(115,8,"Голая Пристань",21), 
(116,8,"Горловка",5),
(117,8,"Горное",12),
(118,8,"Городенка",9),
(119,8,"Городище",23), 
(120,8,"Городня",24),
(121,8,"Городок",13),
(122,8,"Городок",22),
(123,8,"Горохов",3),
(124,8,"Гребёнка",16),
(125,8,"Гуляйполе",8),
(126,8,"Джанкой",1),
(127,8,"Дзержинск",5),
(128,8,"Дебальцево",5), 
(129,8,"Деражня",22), 
(130,8,"Дергачи",20),
(131,8,"Десна",24),
(132,8,"Димитров",5),
(133,8,"Днепродзержинск",4),  
(134,8,"Днепропетровск",4), 
(135,8,"Днепрорудное",8), 
(136,8,"Добромиль",13), 
(137,8,"Доброполье",5), 
(138,8,"Докучаевск",5),
(139,8,"Долина",9),
(140,8,"Долинская",11),
(141,8,"Донецк",5),
(142,8,"Дрогобыч",13),
(143,8,"Дружковка",5),
(144,8,"Дубно",17),
(145,8,"Дубляны",13), 
(146,8,"Дубровица",17), 
(147,8,"Дунаевцы",22), 
(148,8,"Евпатория",1),
(149,8,"Енакиево",5),
(150,8,"Жашков",23), 
(151,8,"Ждановка",5), 
(152,8,"Жёлтые Воды",4), 
(153,8,"Жидачов",13), 
(154,8,"Житомир",6),
(155,8,"Жмеринка",2), 
(156,8,"Жолква",13),
(157,8,"Залещики",19), 
(158,8,"Запорожье",8), 
(159,8,"Заставна",25),
(160,8,"Збараж",19),
(161,8,"Зборов",19),
(162,8,"Звенигородка",23), 
(163,8,"Здолбунов",17), 
(164,8,"Зимогорье",12),
(165,8,"Зеньков",16),
(166,8,"Змиёв",20),
(167,8,"Знаменка",11),
(168,8,"Золотое",12),
(169,8,"Золотоноша",23), 
(170,8,"Золочев",13),
(171,8,"Зоринск",12),
(172,8,"Зугрэс",5),
(173,8,"Ивано-Франковск",9), 
(174,8,"Измаил",15),
(175,8,"Изюм",20),
(176,8,"Изяслав",22),
(177,8,"Ильичёвск",15),
(178,8,"Ирпень",10),
(179,8,"Иршава",7), 
(180,8,"Ичня",24),
(181,8,"Кагарлык",10),
(182,8,"Казатин",2),
(183,8,"Калиновка",2),
(184,8,"Калуш",9),
(185,8,"Каменец-Подольский",22),  
(186,8,"Каменка",23),
(187,8,"Каменка-Бугская",13), 
(188,8,"Каменка-Днепровская",8),  
(189,8,"Камень-Каширский",3),  
(190,8,"Канев",23),
(191,8,"Карловка",16),
(192,8,"Каховка",21),
(193,8,"Керчь",1),
(194,8,"Киверцы",3),
(195,8,"Киев",10),
(196,8,"Килия",15),
(197,8,"Кировоград",11),
(198,8,"Кировское",5),
(199,8,"Кицмань",25),
(200,8,"Краматорск",5),
(201,8,"Красилов",22),
(202,8,"Красноармейск",5), 
(203,8,"Красноград",20),
(204,8,"Краснодон",12), 
(205,8,"Краснопартизанск",12), 
(206,8,"Красноперекопск",1), 
(207,8,"Красный Лиман",5), 
(208,8,"Красный Луч",12), 
(209,8,"Кременец",19), 
(210,8,"Кременчуг",16),
(211,8,"Кривой Рог",4),
(212,8,"Кролевец",18),
(213,8,"Кобеляки",16),
(214,8,"Ковель",3),
(215,8,"Кодыма",15), 
(216,8,"Коломыя",9), 
(217,8,"Комсомольск",16), 
(218,8,"Конотоп",18),
(219,8,"Константиновка",5),
(220,8,"Корец",17),
(221,8,"Коростень",6),
(222,8,"Коростышев",6), 
(223,8,"Корсунь-Шевченковский",23),  
(224,8,"Корюковка",24), 
(225,8,"Косов",9),
(226,8,"Костополь",17),
(227,8,"Котовск",15),
(228,8,"Кузнецовск",17),
(229,8,"Купянск",20),
(230,8,"Ладыжин",2), 
(231,8,"Лановцы",19), 
(232,8,"Лебедин",18),
(233,8,"Лисичанск",12),
(234,8,"Лозовая",20),
(235,8,"Лохвица",16),
(236,8,"Лубны",16),
(237,8,"Луганск",12),
(238,8,"Лутугино",12),
(239,8,"Луцк",3),
(240,8,"Львов",13),
(241,8,"Любомль",3), 
(242,8,"Люботин",20),
(243,8,"Малин",6),
(244,8,"Марганец",4),
(245,8,"Мариуполь",5), 
(246,8,"Макеевка",5),
(247,8,"Малая Виска",11), 
(248,8,"Мелитополь",8), 
(249,8,"Мена",24),
(250,8,"Мерефа",20), 
(251,8,"Миргород",16), 
(252,8,"Мироновка",10), 
(253,8,"Миусинск",12), 
(254,8,"Могилёв-Подольский",2),  
(255,8,"Молодогвардейск",12),  
(256,8,"Молочанск",8), 
(257,8,"Монастыриска",19), 
(258,8,"Монастырище",23),  
(259,8,"Мостиска",13),
(260,8,"Мукачево",7),
(261,8,"Надворная",9), 
(262,8,"Николаев",13),
(263,8,"Николаев",14),
(264,8,"Никополь",4),
(265,8,"Нежин",24),
(266,8,"Немиров",2),
(267,8,"Нетешин",22), 
(268,8,"Новая Каховка",21), 
(269,8,"Новая Одесса",14), 
(270,8,"Новый Буг",14),
(271,8,"Нововолынск",3), 
(272,8,"Новгород-Северский",24),  
(273,8,"Новогродовка",5), 
(274,8,"Новомиргород",11), 
(275,8,"Новоград-Волынский",6),  
(276,8,"Новодружеск",12), 
(277,8,"Новоднестровск",25), 
(278,8,"Новомосковск",4), 
(279,8,"Новопсков",12),
(280,8,"Новоселица",25), 
(281,8,"Новоукраинка",11), 
(282,8,"Новый Роздол",13), 
(283,8,"Носовка",24),
(284,8,"Майорск",5),
(285,8,"Обухов",10),
(286,8,"Овруч",6),
(287,8,"Одесса",15),
(288,8,"Орджоникидзе",4), 
(289,8,"Орехов",8),
(290,8,"Острог",17),
(291,8,"Очаков",14),
(292,8,"Павлоград",4),
(293,8,"Первомайск",12), 
(294,8,"Первомайск",14), 
(295,8,"Первомайский",20), 
(296,8,"Перевальск",12), 
(297,8,"Перемышляны",13),   
(298,8,"Перечин",7),
(299,8,"Перещепино",4), 
(300,8,"Переяслав-Хмельницкий",10),  
(301,8,"Першотравенск",4), 
(302,8,"Петровское",12),
(303,8,"Пирятин",16),
(304,8,"Погребище",2), 
(305,8,"Подволочиск",19), 
(306,8,"Подгайцы",19), 
(307,8,"Подгородное",4), 
(308,8,"Пологи",8),
(309,8,"Полонное",22),
(310,8,"Полтава",16),
(311,8,"Попасная",12),
(312,8,"Почаев",19),
(313,8,"Приволье",12),
(314,8,"Прилуки",24),
(315,8,"Приморск",8),
(316,8,"Припять",10),
(317,8,"Пустомыты",13), 
(318,8,"Путивль",18),
(319,8,"Пятихатки",4),
(320,8,"Рава-Русская",13), 
(321,8,"Радехов",13),
(322,8,"Радомышль",6),  
(323,8,"Радивилов",17), 
(324,8,"Рахов",7),
(325,8,"Ржищев",10), 
(326,8,"Рогатин",9),
(327,8,"Ровеньки",12),
(328,8,"Ровно",17),
(329,8,"Рожище",3), 
(330,8,"Ромны",18), 
(331,8,"Рубежное",12), 
(332,8,"Рудки",13),
(333,8,"Саки",1),
(334,8,"Самбор",13),
(335,8,"Сарны",17),
(336,8,"Свалява",7),
(337,8,"Сватово",12),
(338,8,"Свердловск",12), 
(339,8,"Светловодск",11), 
(340,8,"Севастополь",1),
(341,8,"Северодонецк",12), 
(342,8,"Седнев",24),
(343,8,"Селидово",5),
(344,8,"Семёновка",24), 
(345,8,"Середина-Буда",18), 
(346,8,"Симферополь",1), 
(347,8,"Синельниково",4), 
(348,8,"Скадовск",21),
(349,8,"Скалат",19),
(350,8,"Сквира",10),
(351,8,"Сколе",13),
(352,8,"Славута",22),
(353,8,"Славутич",10),
(354,8,"Славянск",5),
(355,8,"Смела",23),
(356,8,"Снежное",5),
(357,8,"Снигирёвка",14),
(358,8,"Снятын",9),
(359,8,"Сокаль",13),
(360,8,"Сокиряны",25), 
(361,8,"Соледар",5),
(362,8,"Старобельск",12),
(363,8,"Староконстантинов",22), 
(364,8,"Старый Крым",1), 
(365,8,"Старый Самбор",13), 
(366,8,"Стаханов",12),
(367,8,"Сторожинец",25), 
(368,8,"Стрый",13),
(369,8,"Судак",1),
(370,8,"Сумы",18),
(371,8,"Суходольск",12), 
(372,8,"Счастье",12),
(373,8,"Таврийск",21),
(374,8,"Тальное",23),
(375,8,"Тараща",10), 
(376,8,"Татарбунары",15), 
(377,8,"Теплогорск",12),
(378,8,"Теплодар",15),
(379,8,"Тернополь",19),
(380,8,"Терновка",4),
(381,8,"Тетиев",10),
(382,8,"Тысменица",9), 
(383,8,"Тлумач",9),
(384,8,"Теребовля",19),
(385,8,"Тростянец",18),
(386,8,"Трускавец",13),
(387,8,"Токмак",8),
(388,8,"Торез",5),
(389,8,"Тульчин",2),
(390,8,"Тячев",7),
(391,8,"Угледар",5),
(392,8,"Угнев",13),
(393,8,"Узин",10),
(394,8,"Украинка",10),
(395,8,"Ужгород",7),
(396,8,"Умань",23),
(397,8,"Устилуг",3),
(398,8,"Фастов",10),
(399,8,"Феодосия",1), 
(400,8,"Харцызск",5),
(401,8,"Харьков",20),
(402,8,"Херсон",21),
(403,8,"Хмельник",2),
(404,8,"Хмельницкий",22), 
(405,8,"Хорол",16),
(406,8,"Хотин",25),
(407,8,"Христиновка",23),
(408,8,"Хуст",7),
(409,8,"Хыров",13),
(410,8,"Цюрупинск",21), 
(411,8,"Червоноград",13), 
(412,8,"Червонозаводское",16),  
(413,8,"Червонопартизанск",12), 
(414,8,"Черкассы",23), 
(415,8,"Чернигов",24),
(416,8,"Чернобыль",10), 
(417,8,"Черновцы",25), 
(418,8,"Чигирин",23),
(419,8,"Чоп",7),
(420,8,"Чортков",19),
(421,8,"Чугуев",20),
(422,8,"Шаргород",2),
(423,8,"Шахтёрск",5),
(424,8,"Шепетовка",22),
(425,8,"Шостка",18),
(426,8,"Шпола",23),
(427,8,"Шумск",19),
(428,8,"Щёлкино",1),
(429,8,"Щорс",24),
(430,8,"Энергодар",8),
(431,8,"Южное",15), 
(432,8,"Южноукраинск",14),  
(433,8,"Яворов",13),
(434,8,"Яготин",10),
(435,8,"Ялта",1),
(436,8,"Ямполь",2),
(437,8,"Яремче",9),
(438,8,"Ясиноватая",5)